2
20
20
36 39 75 22 16 50 79 41 55 40 23 61 69 85 74 97 18 98 29 50 
60 96 90 35 25 57 42 2 95 67 64 84 44 18 1 17 18 97 7 49 
26 40 17 3 19 44 54 74 60 92 78 74 40 32 37 76 26 13 65 50 
18 22 99 96 68 34 35 68 85 71 99 18 55 65 55 51 51 21 80 73 
75 37 5 40 90 45 61 68 41 97 96 42 99 33 73 44 71 99 17 55 
52 4 33 18 37 89 2 27 5 31 33 66 29 93 60 100 77 40 79 11 
38 88 100 51 57 5 100 46 22 87 68 42 53 97 47 97 1 30 11 38 
54 76 6 98 23 87 83 39 35 22 13 29 91 64 85 97 58 55 68 80 
50 64 2 69 36 82 39 44 6 70 58 87 29 100 49 71 42 57 33 4 
65 77 96 96 77 14 72 36 9 78 74 87 6 39 21 2 19 51 5 63 
26 28 21 59 16 16 6 45 24 15 6 45 68 53 100 41 43 13 47 84 
62 86 65 67 77 75 54 20 99 67 33 55 4 36 65 78 13 92 78 12 
50 38 71 13 72 65 90 75 10 42 78 99 55 27 47 53 16 46 40 25 
95 93 84 89 11 88 8 52 95 6 50 14 70 33 71 85 23 80 71 57 
64 23 56 65 23 75 22 56 91 14 39 12 100 93 97 23 38 46 62 1 
15 7 21 74 38 92 19 18 34 33 47 61 86 18 54 20 84 52 24 18 
17 20 68 76 86 100 86 10 15 7 5 54 9 6 9 46 50 84 13 29 
47 63 87 53 99 50 66 67 46 49 61 49 49 74 36 63 56 98 84 34 
30 92 9 69 30 81 81 93 53 15 74 51 70 97 60 34 82 30 4 63 
33 17 67 39 27 6 75 53 93 4 10 61 36 28 61 20 36 52 51 15 
0 18 96 15 54 90 94 26 34 44 10 91 29 88 90 16 46 61 70 86 
18 0 35 9 26 56 53 70 72 97 53 46 67 68 28 51 36 15 85 26 
96 35 0 31 4 78 2 69 29 9 20 16 73 94 32 52 42 84 100 15 
15 9 31 0 9 45 91 42 90 33 16 46 46 33 70 35 5 80 94 58 
54 26 4 9 0 71 42 61 29 77 35 26 58 64 52 17 27 14 3 91 
90 56 78 45 71 0 46 36 21 41 63 65 32 38 5 37 72 76 21 76 
94 53 2 91 42 46 0 97 14 30 26 15 3 40 23 12 62 82 62 5 
26 70 69 42 61 36 97 0 74 98 64 50 19 36 48 95 59 11 16 63 
34 72 29 90 29 21 14 74 0 88 32 92 63 42 84 18 76 75 6 9 
44 97 9 33 77 41 30 98 88 0 60 29 64 34 92 52 94 66 39 100 
10 53 20 16 35 63 26 64 32 60 0 64 99 95 62 54 75 93 47 44 
91 46 16 46 26 65 15 50 92 29 64 0 63 59 61 17 28 10 88 97 
29 67 73 46 58 32 3 19 63 64 99 63 0 45 54 47 80 32 43 45 
88 68 94 33 64 38 40 36 42 34 95 59 45 0 95 51 90 53 46 19 
90 28 32 70 52 5 23 48 84 92 62 61 54 95 0 71 54 31 77 13 
16 51 52 35 17 37 12 95 18 52 54 17 47 51 71 0 15 55 42 78 
46 36 42 5 27 72 62 59 76 94 75 28 80 90 54 15 0 70 48 40 
61 15 84 80 14 76 82 11 75 66 93 10 32 53 31 55 70 0 59 6 
70 85 100 94 3 21 62 16 6 39 47 88 43 46 77 42 48 59 0 93 
86 26 15 58 91 76 5 63 9 100 44 97 45 19 13 78 40 6 93 0 
